method: initial, dataset: adult, sensitive: sex
n_train: 27220, n_valid: 1509, n_test: 1433
acc_valid: 0.85 (0.01), fair_valid: 0.82 (0.02), individual_valid: 0.08 (0.01)
acc_test: 0.85 (0.01), fair_test: 0.83 (0.02), individual_test: 0.08 (0.0)
start date time: 2021-08-17 13:49:07.805629 and end date time: 2021-08-17 13:49:56.132145
runtime: 48.33(s)
