method: initial, dataset: bank, sensitive: age
n_train: 4079, n_valid: 227, n_test: 215
acc_valid: 0.91 (0.02), fair_valid: 0.91 (0.06), individual_valid: 0.05 (0.01)
acc_test: 0.9 (0.01), fair_test: 0.94 (0.05), individual_test: 0.05 (0.0)
start date time: 2021-08-17 13:48:40.854329 and end date time: 2021-08-17 13:48:50.646963
runtime: 9.79(s)
