method: initial, dataset: bank, sensitive: marital
n_train: 4079, n_valid: 227, n_test: 215
acc_valid: 0.91 (0.03), fair_valid: 0.98 (0.01), individual_valid: 0.05 (0.01)
acc_test: 0.9 (0.01), fair_test: 0.98 (0.01), individual_test: 0.05 (0.0)
start date time: 2021-08-17 13:48:54.150152 and end date time: 2021-08-17 13:49:04.280869
runtime: 10.14(s)
